# BC03 Models to compute stellar masses
# Vanilla-flavoured cosmology Om=0.3,OL=0.7,h_0=0.7
# (1): Redshift
# (2): Distance Modulus
# (3): Age of Universe at redshift (Gyr)
# (4): SDSS-i magnitude (AB) of 1Msun of 0.5 Gyr population
# (5):   Actual mass at time 0.5 Gyr
# (6): SDSS-i magnitude (AB) of 1Msun of 2 Gyr population
# (7):   Actual mass at time 2 Gyr
# (8): SDSS-i magnitude (AB) of 1Msun of tU population
# (9):   Actual mass at time tU
# Chabrier IMF
# (1)    (2)     (3)     (4)     (5)       (6)     (7)      (8)     (9)
0.0010  28.160  13.452  31.895  0.696431  32.924  0.651580  34.623  0.638704
0.0212  34.826  13.174  38.546  0.696431  39.596  0.651580  41.296  0.638304
0.0414  36.311  12.905  40.018  0.696431  41.084  0.651580  42.777  0.637681
0.0616  37.206  12.642  40.902  0.696431  41.980  0.651580  43.660  0.637328
0.0818  37.852  12.388  41.541  0.696431  42.634  0.651580  44.297  0.637027
0.1020  38.361  12.140  42.040  0.696431  43.153  0.651580  44.804  0.637560
0.1222  38.783  11.900  42.450  0.696431  43.581  0.651580  45.221  0.638416
0.1424  39.143  11.666  42.796  0.696431  43.943  0.651580  45.567  0.638263
0.1626  39.458  11.438  43.095  0.696431  44.257  0.651580  45.867  0.638101
0.1828  39.739  11.217  43.365  0.696431  44.542  0.651580  46.139  0.637924
0.2030  39.993  11.002  43.607  0.696431  44.800  0.651580  46.382  0.637752
0.2232  40.224  10.793  43.828  0.696431  45.036  0.651580  46.604  0.637584
0.2434  40.436  10.589  44.030  0.696431  45.258  0.651580  46.816  0.637408
0.2636  40.633  10.391  44.216  0.696431  45.466  0.651580  47.015  0.637064
0.2838  40.817  10.198  44.391  0.696431  45.662  0.651580  47.200  0.636649
0.3040  40.989  10.010  44.556  0.696431  45.847  0.651580  47.376  0.636394
0.3242  41.151   9.828  44.711  0.696431  46.024  0.651580  47.544  0.637352
0.3444  41.303   9.650  44.859  0.696431  46.196  0.651580  47.711  0.637762
0.3646  41.448   9.476  44.999  0.696431  46.363  0.651580  47.874  0.637713
0.3848  41.586   9.308  45.131  0.696431  46.519  0.651580  48.025  0.637666
0.4050  41.717   9.143  45.258  0.696431  46.668  0.651580  48.167  0.637607
0.4252  41.842   8.983  45.382  0.696431  46.811  0.651580  48.302  0.637544
0.4454  41.961   8.827  45.497  0.696431  46.944  0.651580  48.427  0.637488
0.4656  42.076   8.675  45.603  0.696431  47.070  0.651580  48.543  0.637433
0.4858  42.187   8.527  45.702  0.696431  47.194  0.651580  48.659  0.637380
0.5061  42.293   8.382  45.798  0.696431  47.314  0.651580  48.771  0.637318
0.5263  42.395   8.241  45.890  0.696431  47.430  0.651580  48.879  0.637256
0.5465  42.493   8.104  45.980  0.696431  47.548  0.651580  48.990  0.637196
0.5667  42.589   7.970  46.065  0.696431  47.661  0.651580  49.097  0.637110
0.5869  42.681   7.839  46.162  0.696431  47.777  0.651580  49.204  0.636938
0.6071  42.770   7.712  46.255  0.696431  47.894  0.651580  49.313  0.636971
0.6273  42.856   7.587  46.343  0.696431  48.010  0.651580  49.424  0.637464
0.6475  42.940   7.466  46.427  0.696431  48.125  0.651580  49.535  0.637817
0.6677  43.021   7.348  46.509  0.696431  48.239  0.651580  49.646  0.637841
0.6879  43.101   7.232  46.589  0.696431  48.351  0.651580  49.755  0.637864
0.7081  43.177   7.119  46.669  0.696431  48.462  0.651580  49.862  0.637891
0.7283  43.252   7.009  46.755  0.696431  48.578  0.651580  49.975  0.637918
0.7485  43.325   6.901  46.839  0.696431  48.702  0.651580  50.098  0.637940
0.7687  43.396   6.796  46.937  0.696431  48.827  0.651580  50.221  0.637961
0.7889  43.465   6.694  47.041  0.696431  48.961  0.651580  50.359  0.637984
0.8091  43.533   6.593  47.142  0.696431  49.089  0.651580  50.494  0.638008
0.8293  43.599   6.495  47.249  0.696431  49.216  0.651580  50.626  0.638031
0.8495  43.663   6.400  47.358  0.696431  49.340  0.651580  50.750  0.638058
0.8697  43.726   6.306  47.477  0.696431  49.460  0.651580  50.862  0.638084
0.8899  43.787   6.214  47.595  0.696431  49.577  0.651580  50.969  0.638110
0.9101  43.848   6.125  47.703  0.696431  49.682  0.651580  51.060  0.638135
0.9303  43.906   6.038  47.820  0.696431  49.784  0.651580  51.146  0.638160
0.9505  43.964   5.952  47.949  0.696431  49.902  0.651580  51.250  0.638189
0.9707  44.020   5.868  48.077  0.696431  50.015  0.651580  51.347  0.638223
0.9909  44.076   5.787  48.194  0.696431  50.124  0.651580  51.447  0.638255
1.0111  44.130   5.706  48.314  0.696431  50.242  0.651580  51.561  0.638305
1.0313  44.183   5.628  48.436  0.696431  50.354  0.651580  51.665  0.638367
1.0515  44.235   5.551  48.561  0.696431  50.464  0.651580  51.771  0.638429
1.0717  44.286   5.476  48.673  0.696431  50.556  0.651580  51.855  0.638546
1.0919  44.336   5.403  48.778  0.696431  50.633  0.651580  51.915  0.638784
1.1121  44.386   5.331  48.881  0.696431  50.708  0.651580  51.967  0.639017
1.1323  44.434   5.261  48.984  0.696431  50.786  0.651580  52.020  0.639245
1.1525  44.482   5.192  49.084  0.696431  50.871  0.651580  52.086  0.639350
1.1727  44.528   5.124  49.173  0.696431  50.955  0.651580  52.154  0.639431
1.1929  44.574   5.058  49.248  0.696431  51.033  0.651580  52.220  0.639510
1.2131  44.619   4.993  49.312  0.696431  51.109  0.651580  52.286  0.639589
1.2333  44.664   4.930  49.371  0.696431  51.185  0.651580  52.356  0.639673
1.2535  44.707   4.868  49.428  0.696431  51.260  0.651580  52.427  0.639755
1.2737  44.750   4.807  49.484  0.696431  51.335  0.651580  52.498  0.639835
1.2939  44.793   4.747  49.540  0.696431  51.407  0.651580  52.564  0.639915
1.3141  44.834   4.688  49.595  0.696431  51.481  0.651580  52.629  0.640006
1.3343  44.875   4.631  49.650  0.696431  51.556  0.651580  52.699  0.640096
1.3545  44.915   4.574  49.704  0.696431  51.628  0.651580  52.761  0.640184
1.3747  44.955   4.519  49.760  0.696431  51.704  0.651580  52.830  0.640270
1.3949  44.994   4.465  49.816  0.696431  51.780  0.651580  52.897  0.640364
1.4151  45.033   4.412  49.874  0.696431  51.858  0.651580  52.966  0.640462
1.4353  45.071   4.360  49.934  0.696431  51.941  0.651580  53.041  0.640558
1.4555  45.108   4.309  49.997  0.696431  52.034  0.651580  53.128  0.640652
1.4757  45.145   4.258  50.064  0.696431  52.133  0.651580  53.223  0.640745
1.4959  45.182   4.209  50.131  0.696431  52.236  0.651580  53.323  0.640863
1.5162  45.218   4.161  50.196  0.696431  52.337  0.651580  53.421  0.640985
1.5364  45.253   4.113  50.258  0.696431  52.434  0.651580  53.514  0.641105
1.5566  45.288   4.067  50.314  0.696431  52.520  0.651580  53.596  0.641222
1.5768  45.323   4.021  50.367  0.696431  52.604  0.651580  53.676  0.641337
1.5970  45.357   3.976  50.422  0.696431  52.691  0.651580  53.758  0.641443
1.6172  45.391   3.932  50.477  0.696431  52.783  0.651580  53.844  0.641540
1.6374  45.424   3.888  50.532  0.696431  52.872  0.651580  53.926  0.641635
1.6576  45.457   3.846  50.590  0.696431  52.969  0.651580  54.015  0.641729
1.6778  45.489   3.804  50.649  0.696431  53.069  0.651580  54.108  0.641821
1.6980  45.521   3.763  50.711  0.696431  53.180  0.651580  54.215  0.641912
1.7182  45.552   3.723  50.761  0.696431  53.273  0.651580  54.302  0.641989
1.7384  45.584   3.683  50.824  0.696431  53.384  0.651580  54.405  0.642061
1.7586  45.615   3.644  50.884  0.696431  53.496  0.651580  54.511  0.642131
1.7788  45.645   3.606  50.941  0.696431  53.604  0.651580  54.615  0.642200
1.7990  45.675   3.568  50.998  0.696431  53.721  0.651580  54.732  0.642268
1.8192  45.705   3.531  51.052  0.696431  53.840  0.651580  54.856  0.642335
1.8394  45.734   3.494  51.106  0.696431  53.955  0.651580  54.973  0.642433
1.8596  45.764   3.459  51.159  0.696431  54.061  0.651580  55.074  0.642702
1.8798  45.792   3.423  51.211  0.696431  54.158  0.651580  55.160  0.642967
1.9000  45.821   3.389  51.254  0.696431  54.229  0.651580  55.215  0.643228
1.9202  45.849   3.355  51.294  0.696431  54.297  0.651580  55.271  0.643484
1.9404  45.877   3.321  51.334  0.696431  54.367  0.651580  55.331  0.643736
1.9606  45.904   3.288  51.371  0.696431  54.431  0.651580  55.386  0.643984
1.9808  45.932   3.256  51.405  0.696431  54.488  0.651580  55.435  0.644228
2.0010  45.959   3.224  51.437  0.696431  54.540  0.651580  55.476  0.644402
